1 3
0 5
1 5
-1 6
0 6
0 9
1 9
3 9
4 6
3 6
5 7
3 11
4 11
3 14
5 10
4 15
4 14
6 17
5 18
7 19
7 19
8 19
7 21
9 21
10 21
10 21
10 23
13 23
13 26
13 28
13 26
12 27
13 28
13 30
10 26
12 28
11 31
10 33
12 31
14 29
12 33
12 34
14 29
13 35
8 30
11 34
12 35
10 35
10 34
15 30
10 35
14 32
9 37
0 8
-1 5
0 10
2 10
0 10
0 10
0 11
0 11
0 6
0 11
0 -5
-1 15
0 11
0 16
0 12
0 12
0 13
-1 12
0 15
0 17
1 22
0 11
0 14
2 22
0 10
0 12
-1 21
1 21
-1 13
0 26
0 13
-1 15
-1 11
0 14
0 18
0 19
0 19
0 20
0 27
0 19
-2 18
-1 13
-1 26
1 27
0 25
-1 17
0 29
0 22
0 24
0 20
0 28
-1 30
0 25
0 24
0 28
1 26
0 33
0 30
-1 34
0 23
0 27
0 34
0 38
2 35
2 10
-2 29
0 29
0 32
1 15
-1 38
0 26
-1 30
2 15
2 15
2 11
2 13
2 25
3 17
2 11
2 29
2 9
3 9
1 17
1 18
3 9
4 21
3 11
1 26
3 10
4 25
2 13
2 33
4 22
3 7
3 12
3 27
4 34
4 5
0 17
3 32
2 15
5 20
4 24
3 12
3 18
4 16
4 35
4 35
4 36
4 37
5 23
4 21
5 24
5 10
4 22
5 24
5 21
4 26
5 29
5 33
5 30
6 18
6 24
5 28
5 34
4 25
3 37
5 30
5 35
3 34
6 21
5 32
6 33
6 23
6 32
6 32
6 36
5 35
5 34
5 21
5 34
6 24
6 31
5 27
5 39
5 34
7 35
4 30
6 32
5 35
7 29
7 32
6 36
6 33
7 36
5 37
7 26
8 19
6 36
6 36
6 29
8 28
8 24
7 30
5 29
8 34
10 25
8 27
9 22
7 37
8 33
10 24
10 30
9 28
8 36
8 38
9 18
10 16
9 20
9 21
8 36
6 33
9 17
9 30
10 19
8 17
7 15
9 15
8 34
10 26
11 13
10 21
10 22
9 31
9 25
9 36
9 17
7 16
10 24
10 14
13 14
10 24
7 16
10 30
13 12
10 32
13 15
11 25
13 10
13 12
12 16
14 9
12 12
11 17
15 10
15 12
12 15
12 11
15 9
10 17
11 8
14 9
13 14
12 6
10 7
10 4
9 1
12 5
12 6
12 5
12 3
10 -1
10 0
10 2
12 -3
11 8
10 2
11 1
13 3
11 7
13 9
12 1
4 1
13 1
13 9
13 -5
0 3
0 0
-1 4
-1 1
-1 3
-1 -3
1 0
0 4
0 5
-2 4
2 5
1 6
2 6
2 6
0 0
4 1
2 5
6 3
5 4
1 -3
5 1
1 8
4 -2
6 12
5 -3
6 3
5 5
7 8
5 16
6 0
7 4
7 8
7 6
5 12
8 0
7 8
7 2
7 16
8 1
7 8
8 14
9 10
8 5
10 7
9 5
9 12
9 5
9 13
9 13
